{
  "advancedEditorSelectedIdentifier" : "BehaviorsPluginID",
  "openSceneRelativePaths" : [
    "Immersive.usda",
    "Scene.usda"
  ],
  "recentIdentifiers" : {
    "1D572CEB-057A-41C3-B575-04C37501A3C0" : [

    ],
    "D66134B1-3681-4A8E-AFE5-29F257229F3B" : [

    ]
  },
  "sceneCameraHistory" : {
    "1D572CEB-057A-41C3-B575-04C37501A3C0" : [
      {
        "date" : 777352432.941247,
        "title" : "Untitled",
        "transform" : [
          0.97886556,
          6.1950045e-10,
          0.20450452,
          0,
          0.09033916,
          0.8971399,
          -0.43241054,
          0,
          -0.18346915,
          0.4417465,
          0.8781794,
          0,
          -0.71461225,
          1.510103,
          2.0361528,
          1
        ]
      },
      {
        "date" : 777351693.762443,
        "title" : "Untitled",
        "transform" : [
          0.97886556,
          6.1950045e-10,
          0.20450452,
          0,
          0.09033916,
          0.8971399,
          -0.43241054,
          0,
          -0.18346916,
          0.44174656,
          0.8781795,
          0,
          -0.47450626,
          1.1424892,
          2.2712352,
          1
        ]
      },
      {
        "date" : 777351686.00683,
        "title" : "Untitled",
        "transform" : [
          0.99881494,
          -2.529672e-10,
          0.04867005,
          0,
          0.014741478,
          0.95302683,
          -0.3025271,
          0,
          -0.04638386,
          0.30288604,
          0.95189744,
          0,
          -0.11996257,
          0.7833542,
          2.4618921,
          1
        ]
      },
      {
        "date" : 777351681.811171,
        "title" : "Untitled",
        "transform" : [
          0.99742573,
          -4.400036e-10,
          -0.07170726,
          0,
          -0.031116385,
          0.9009436,
          -0.43281925,
          0,
          0.0646042,
          0.4339363,
          0.89862436,
          0,
          0.16708584,
          1.1222895,
          2.324112,
          1
        ]
      }
    ],
    "D66134B1-3681-4A8E-AFE5-29F257229F3B" : [
      {
        "date" : 777353065.072881,
        "title" : "Untitled",
        "transform" : [
          0.9952294,
          -3.5053378e-09,
          -0.097562514,
          0,
          -0.017643517,
          0.98351204,
          -0.17998043,
          0,
          0.095953904,
          0.18084319,
          0.9788201,
          0,
          0.1033504,
          0.46582845,
          2.5460672,
          1
        ]
      },
      {
        "date" : 777352969.592885,
        "title" : "Untitled",
        "transform" : [
          1,
          0,
          0,
          0,
          0,
          0.7071069,
          -0.70710677,
          0,
          0,
          0.70710677,
          0.7071069,
          0,
          -0.14554337,
          1.8274343,
          1.8301468,
          1
        ]
      },
      {
        "date" : 777352579.958218,
        "title" : "Untitled",
        "transform" : [
          1,
          0,
          0,
          0,
          0,
          0.7071069,
          -0.70710677,
          0,
          0,
          0.70710677,
          0.7071069,
          0,
          0.037631005,
          1.0039029,
          2.653678,
          1
        ]
      }
    ]
  },
  "sceneViewportBackgroundColors" : {

  },
  "selectedSceneRelativePath" : "Scene.usda"
}